%% Analyze the twin thickness
% Also, it's better to create a function for segmenting twin

% Look at Mg4Al_U2, UM129_Mg_C2

working_dir = 'E:\zhec umich Drive\2021-02-26 Mg4Al_U2 EBSD';

strain_sg = [0, -0.0075, -0.015, -0.025, ...
    -0.023, -0.017, -0.0075, 0.002, ...
    -0.0075, -0.015, -0.025, ...
    -0.017, -0.0075, 0];

% strain values, Mg4Al_U2
strain_ebsd = [0, -0.0085, -0.0220, -0.0342, ...
    -0.0343, -0.0268, -0.0150, -0.0032, ...
    -0.0112, -0.0207, -0.0297, ...
    -0.0235, -0.0130, -0.0045];

% strain value, UM129_Mg_C2
strain_ebsd = [0.0000, -0.0110, -0.0179, -0.0277, ...
    -0.0254, -0.0201, -0.0102, -0.0024, ...
    -0.0100, -0.0181, -0.0281, ...
    -0.0204, -0.0104, -0.0030];




