% this is for the NOC_5_0.1_3, dil_1deg_16, then 2deg_grain_tolerance_angle file
grain_pair{1} = [12, 12;
    13, 13;
    144, 141;
    136, 136];
grain_pair{2} = [12, 12;
    13, 13;
    144, 140;
    136, 135];
grain_pair{3} = [12, 14;
    13, 17;
    144, 155;
    136, 149];
grain_pair{4} = [12, 14;
    13, 17;
    144, 153;
    136, 146];
grain_pair{5} = [12, 12;
    13, 14;
    144, 149;
    136, 144];
grain_pair{6} = [12, 12;
    13, 13;
    144, 137;
    136, 132];
grain_pair{7} = [12, 12;
    13, 13;
    144, 139;
    136, 133];
grain_pair{8} = [12, 12;
    13, 13;
    144, 134;
    136, 128];
grain_pair{9} = [12, 12;
    13, 13;
    144, 137;
    136, 132];
grain_pair{10} = [12, 14;
    13, 17;
    144, 141;
    136, 135];
grain_pair{11} = [12, 14;
    13, 15;
    144, 135;
    136, 129];
grain_pair{12} = [12, 14;
    13, 15;
    144, 130;
    136, 122];
grain_pair{13} = [12, 12;
    13, 13;
    144, 134;
    136, 128];